1
23
23
99
19 27 35 44 46 51 57 60 66 68 71 74 77 80 83 87 88 95 99 100 105 114 116
23 35 45 54 55 64 65 68 74 76 85 88 93 98 99 109 110 115 121 127 137 142 149
33 41 53 60 63 70 80 81 83 90 97 102 108 112 114 117 118 120 128 129 140 149 153
34 43 62 72 76 78 81 82 85 94 105 114 119 129 139 142 150 153 161 162 169 176 178
36 46 70 76 77 80 87 97 101 109 119 123 124 132 142 149 152 156 171 181 187 191 195
46 55 77 86 90 94 96 102 112 115 122 126 133 136 152 159 161 162 179 187 197 204 209
52 65 85 91 96 100 104 105 122 130 138 139 142 146 153 168 172 181 191 195 206 207 213
62 68 86 94 104 109 119 123 126 135 144 153 156 161 170 177 185 194 203 210 219 223 230
63 70 91 100 113 114 126 136 141 149 154 164 165 171 179 185 186 198 209 211 223 228 234
65 75 96 106 121 129 134 140 148 159 164 165 172 173 183 194 197 207 215 225 227 233 235
68 78 105 110 124 134 136 142 153 162 167 169 182 191 195 198 202 209 218 227 232 240 242
71 84 106 113 130 142 146 148 155 169 178 187 197 202 209 212 222 226 227 232 240 245 252
74 88 110 122 133 144 149 159 168 177 185 193 204 212 216 225 231 233 242 245 247 256 260
82 97 111 123 142 148 158 168 172 181 189 197 210 222 226 229 237 242 244 246 248 257 269
86 104 113 126 149 157 167 172 177 184 199 202 211 223 230 234 240 250 257 267 274 279 286
88 110 120 132 156 165 171 177 178 192 201 206 212 227 238 245 249 253 267 271 278 285 289
96 120 123 139 158 175 178 183 190 202 212 213 218 231 244 249 256 260 270 278 286 287 292
98 126 134 145 159 181 182 186 199 205 215 222 231 235 254 260 268 278 287 290 294 301 307
106 135 139 152 169 190 194 197 206 215 216 232 241 242 264 268 275 288 294 299 308 309 312
108 145 147 153 170 199 200 205 214 224 233 241 247 255 267 277 283 290 296 303 316 321 329
111 146 148 155 173 208 214 216 224 227 243 245 254 257 272 285 289 297 299 307 322 331 338
121 156 159 169 181 213 218 228 237 241 252 258 259 267 277 293 295 302 311 312 332 333 344
126 164 171 179 182 217 227 236 246 254 258 263 267 269 286 302 303 310 313 316 337 347 350
